0.000000
0.000966
0.001472
0.002008
0.002504
0.003147
0.003778
0.005286
0.010438
0.011229
0.010750
0.008976
0.009459
0.010615
0.011980
0.013249
0.014905
0.016339
0.017764
0.019075
0.020795
0.022773
0.024550
0.026266
0.028031
0.029789
0.031702
0.033836
0.035969
0.037920
0.039966
0.041796
0.043352
0.046388
0.047752
0.051142
0.053190
0.055590
0.056941
0.060658
0.060352
0.069533
0.066494
0.074055
0.079372
0.079184
0.084770
0.087158
0.087156
0.090942
0.096340
0.093422
0.102697
0.105344
0.105841
0.116677
0.113840
0.119917
0.113774
0.124190
0.129716
0.130100
0.136160
0.138373
0.141727
0.145221
0.151116
0.154194
0.160748
0.166775
0.157618
0.176666
0.186846
0.187958
0.188899
0.174060
0.198973
0.204792
0.211093
0.192996
0.212016
0.223945
0.225639
0.234385
0.241903
0.248148
0.219926
0.254900
0.229806
0.264982
0.272512
0.276116
0.282218
0.285592
0.299661
0.303218
0.313987
0.315826
0.317602
0.335812
