21 141 
101 20
24 13 
10 19
16 57 
75 101 
168 31 
171 222 
39 70 
91 3
21 141 
101 20
24 13 
10 19
16 57 
75 101 
168 31 
171 222 
39 70 
91 3
21 141 
101 20
24 13 
10 19
16 57 
75 101 
168 31 
171 222 
39 70 
91 3
21 141 
101 20
24 13 
10 19
16 57 
75 101 
168 31 
171 222 
39 70 
91 3
21 141 
101 20
24 13 
10 19
16 57 
75 101 
168 31 
171 222 
39 70 
91 3
21 141 
101 20
24 13 
10 19
16 57 
75 101 
168 31 
171 222 
39 70 
91 3
21 141 
101 20
24 13 
10 19
16 57 
75 101 
168 31 
171 222 
39 70 
91 3
