0.006498
0.012233
0.017872
0.023764
0.029697
0.035848
0.042259
0.048563
0.056547
0.065236
0.079721
0.076771
0.083103
0.088332
0.094802
0.102283
0.112419
0.120228
0.128340
0.136383
0.144229
0.152510
0.160747
0.175511
0.185830
0.186729
0.193736
0.203413
0.211996
0.221523
0.229549
0.237800
0.252509
0.255553
0.265241
0.276419
0.284486
0.297214
0.305848
0.312877
0.324288
0.335048
0.343794
0.356858
0.365680
0.375386
0.394319
0.397545
0.411277
0.417138
0.431990
0.440105
0.453237
0.462891
0.476145
0.485891
0.499717
0.523497
0.521402
0.544291
0.550367
0.561544
0.572764
0.583394
0.603077
0.610164
0.621354
0.633927
0.648648
0.660439
0.697037
0.691389
0.705750
0.717663
0.729301
0.753973
0.755402
0.774500
0.785544
0.800014
0.816481
0.851607
0.882384
0.870216
0.876213
0.892968
0.928837
0.954512
0.969476
0.974076
0.961316
0.998164
0.997269
1.039685
1.050628
1.084560
1.068730
1.113024
1.147103
1.159272
