111 22
17 8 
23 3 
1 1 
13 75 
48 98 
8 3 
5 61 
67 13 
12 74 
90 3 
13 144 
157 235 
232 2 
3 12 
68 134 
233 254 
175 18 
177 178 
37 124 
183 221 
257 231 
105 200 
146 4 
57 72 
90 46 
57 154 
25 90 
34 18 
36 152 
61 89 
166 230
111 22
17 8 
23 3 
1 1 
13 75 
48 98 
8 3 
5 61 
67 13 
12 74 
90 3 
13 144 
157 235 
232 2 
3 12 
68 134 
233 254 
175 18 
177 178 
37 124 
183 221 
257 231 
105 200 
146 4 
57 72 
90 46 
57 154 
25 90 
34 18 
36 152 
61 89 
166 230
111 22
17 8 
23 3 
1 1 
13 75 
48 98 
8 3 
5 61 
67 13 
12 74 
90 3 
13 144 
157 235 
232 2 
3 12 
68 134 
233 254 
175 18 
177 178 
37 124 
183 221 
257 231 
105 200 
146 4 
57 72 
90 46 
57 154 
25 90 
34 18 
36 152 
61 89 
166 230
111 22
17 8 
23 3 
1 1 
13 75 
48 98 
8 3 
5 61 
67 13 
12 74 
90 3 
13 144 
157 235 
232 2 
3 12 
68 134 
233 254 
175 18 
177 178 
37 124 
183 221 
257 231 
105 200 
146 4 
57 72 
90 46 
57 154 
25 90 
34 18 
36 152 
61 89 
166 230
111 22
17 8 
23 3 
1 1 
13 75 
48 98 
8 3 
5 61 
67 13 
12 74 
90 3 
13 144 
157 235 
232 2 
3 12 
68 134 
233 254 
175 18 
177 178 
37 124 
183 221 
257 231 
105 200 
146 4 
57 72 
90 46 
57 154 
25 90 
34 18 
36 152 
61 89 
166 230
111 22
17 8 
23 3 
1 1 
13 75 
48 98 
8 3 
5 61 
67 13 
12 74 
90 3 
13 144 
157 235 
232 2 
3 12 
68 134 
233 254 
175 18 
177 178 
37 124 
183 221 
257 231 
105 200 
146 4 
57 72 
90 46 
57 154 
25 90 
34 18 
36 152 
61 89 
166 230
111 22
17 8 
23 3 
1 1 
13 75 
48 98 
8 3 
5 61 
67 13 
12 74 
90 3 
13 144 
157 235 
232 2 
3 12 
68 134 
233 254 
175 18 
177 178 
37 124 
183 221 
257 231 
105 200 
146 4 
57 72 
90 46 
57 154 
25 90 
34 18 
36 152 
61 89 
166 230
111 22
17 8 
23 3 
1 1 
13 75 
48 98 
8 3 
5 61 
67 13 
12 74 
90 3 
13 144 
157 235 
232 2 
3 12 
68 134 
233 254 
175 18 
177 178 
37 124 
183 221 
257 231 
105 200 
146 4 
57 72 
90 46 
57 154 
25 90 
34 18 
36 152 
61 89 
166 230
111 22
17 8 
23 3 
1 1 
13 75 
48 98 
8 3 
5 61 
67 13 
12 74 
90 3 
13 144 
157 235 
232 2 
3 12 
68 134 
233 254 
175 18 
177 178 
37 124 
183 221 
257 231 
105 200 
146 4 
57 72 
90 46 
57 154 
25 90 
34 18 
36 152 
61 89 
166 230
111 22
17 8 
23 3 
1 1 
13 75 
48 98 
8 3 
5 61 
67 13 
12 74 
90 3 
13 144 
157 235 
232 2 
3 12 
68 134 
233 254 
175 18 
177 178 
37 124 
183 221 
257 231 
105 200 
146 4 
57 72 
90 46 
57 154 
25 90 
34 18 
36 152 
61 89 
166 230
111 22
17 8 
23 3 
1 1 
13 75 
48 98 
8 3 
5 61 
67 13 
12 74 
90 3 
13 144 
157 235 
232 2 
3 12 
68 134 
233 254 
175 18 
177 178 
37 124 
183 221 
257 231 
105 200 
146 4 
57 72 
90 46 
57 154 
25 90 
34 18 
36 152 
61 89 
166 230
111 22
17 8 
23 3 
1 1 
13 75 
48 98 
8 3 
5 61 
67 13 
12 74 
90 3 
13 144 
157 235 
232 2 
3 12 
68 134 
233 254 
175 18 
177 178 
37 124 
183 221 
257 231 
105 200 
146 4 
57 72 
90 46 
57 154 
25 90 
34 18 
36 152 
61 89 
166 230
111 22
17 8 
23 3 
1 1 
13 75 
48 98 
8 3 
5 61 
67 13 
12 74 
90 3 
13 144 
157 235 
232 2 
3 12 
68 134 
233 254 
175 18 
177 178 
37 124 
183 221 
257 231 
105 200 
146 4 
57 72 
90 46 
57 154 
25 90 
34 18 
36 152 
61 89 
166 230
111 22
17 8 
23 3 
1 1 
13 75 
48 98 
8 3 
5 61 
67 13 
12 74 
90 3 
13 144 
157 235 
232 2 
3 12 
68 134 
233 254 
175 18 
177 178 
37 124 
183 221 
257 231 
105 200 
146 4 
57 72 
90 46 
57 154 
25 90 
34 18 
36 152 
61 89 
166 230
111 22
17 8 
23 3 
1 1 
13 75 
48 98 
8 3 
5 61 
67 13 
12 74 
90 3 
13 144 
157 235 
232 2 
3 12 
68 134 
233 254 
175 18 
177 178 
37 124 
183 221 
257 231 
105 200 
146 4 
57 72 
90 46 
57 154 
25 90 
34 18 
36 152 
61 89 
166 230
111 22
17 8 
23 3 
1 1 
13 75 
48 98 
8 3 
5 61 
67 13 
12 74 
90 3 
13 144 
157 235 
232 2 
3 12 
68 134 
233 254 
175 18 
177 178 
37 124 
183 221 
257 231 
105 200 
146 4 
57 72 
90 46 
57 154 
25 90 
34 18 
36 152 
61 89 
166 230
111 22
17 8 
23 3 
1 1 
13 75 
48 98 
8 3 
5 61 
67 13 
12 74 
90 3 
13 144 
157 235 
232 2 
3 12 
68 134 
233 254 
175 18 
177 178 
37 124 
183 221 
257 231 
105 200 
146 4 
57 72 
90 46 
57 154 
25 90 
34 18 
36 152 
61 89 
166 230
111 22
17 8 
23 3 
1 1 
13 75 
48 98 
8 3 
5 61 
67 13 
12 74 
90 3 
13 144 
157 235 
232 2 
3 12 
68 134 
233 254 
175 18 
177 178 
37 124 
183 221 
257 231 
105 200 
146 4 
57 72 
90 46 
57 154 
25 90 
34 18 
36 152 
61 89 
166 230
111 22
17 8 
23 3 
1 1 
13 75 
48 98 
8 3 
5 61 
67 13 
12 74 
90 3 
13 144 
157 235 
232 2 
3 12 
68 134 
233 254 
175 18 
177 178 
37 124 
183 221 
257 231 
105 200 
146 4 
57 72 
90 46 
57 154 
25 90 
34 18 
36 152 
61 89 
166 230
111 22
17 8 
23 3 
1 1 
13 75 
48 98 
8 3 
5 61 
67 13 
12 74 
90 3 
13 144 
157 235 
232 2 
3 12 
68 134 
233 254 
175 18 
177 178 
37 124 
183 221 
257 231 
105 200 
146 4 
57 72 
90 46 
57 154 
25 90 
34 18 
36 152 
61 89 
166 230
111 22
17 8 
23 3 
1 1 
13 75 
48 98 
8 3 
5 61 
67 13 
12 74 
90 3 
13 144 
157 235 
232 2 
3 12 
68 134 
233 254 
175 18 
177 178 
37 124 
183 221 
257 231 
105 200 
146 4 
57 72 
90 46 
57 154 
25 90 
34 18 
36 152 
61 89 
166 230
111 22
17 8 
23 3 
1 1 
13 75 
48 98 
8 3 
5 61 
67 13 
12 74 
90 3 
13 144 
157 235 
232 2 
3 12 
68 134 
233 254 
175 18 
177 178 
37 124 
183 221 
257 231 
105 200 
146 4 
57 72 
90 46 
57 154 
25 90 
34 18 
36 152 
61 89 
166 230
111 22
17 8 
23 3 
1 1 
13 75 
48 98 
8 3 
5 61 
67 13 
12 74 
90 3 
13 144 
157 235 
232 2 
3 12 
68 134 
233 254 
175 18 
177 178 
37 124 
183 221 
257 231 
105 200 
146 4 
57 72 
90 46 
57 154 
25 90 
34 18 
36 152 
61 89 
166 230
111 22
17 8 
23 3 
1 1 
13 75 
48 98 
8 3 
5 61 
67 13 
12 74 
90 3 
13 144 
157 235 
232 2 
3 12 
68 134 
233 254 
175 18 
177 178 
37 124 
183 221 
257 231 
105 200 
146 4 
57 72 
90 46 
57 154 
25 90 
34 18 
36 152 
61 89 
166 230
111 22
17 8 
23 3 
1 1 
13 75 
48 98 
8 3 
5 61 
67 13 
12 74 
90 3 
13 144 
157 235 
232 2 
3 12 
68 134 
233 254 
175 18 
177 178 
37 124 
183 221 
257 231 
105 200 
146 4 
57 72 
90 46 
57 154 
25 90 
34 18 
36 152 
61 89 
166 230
111 22
17 8 
23 3 
1 1 
13 75 
48 98 
8 3 
5 61 
67 13 
12 74 
90 3 
13 144 
157 235 
232 2 
3 12 
68 134 
233 254 
175 18 
177 178 
37 124 
183 221 
257 231 
105 200 
146 4 
57 72 
90 46 
57 154 
25 90 
34 18 
36 152 
61 89 
166 230
111 22
17 8 
23 3 
1 1 
13 75 
48 98 
8 3 
5 61 
67 13 
12 74 
90 3 
13 144 
157 235 
232 2 
3 12 
68 134 
233 254 
175 18 
177 178 
37 124 
183 221 
257 231 
105 200 
146 4 
57 72 
90 46 
57 154 
25 90 
34 18 
36 152 
61 89 
166 230
111 22
17 8 
23 3 
1 1 
13 75 
48 98 
8 3 
5 61 
67 13 
12 74 
90 3 
13 144 
157 235 
232 2 
3 12 
68 134 
233 254 
175 18 
177 178 
37 124 
183 221 
257 231 
105 200 
146 4 
57 72 
90 46 
57 154 
25 90 
34 18 
36 152 
61 89 
166 230
111 22
17 8 
23 3 
1 1 
13 75 
48 98 
8 3 
5 61 
67 13 
12 74 
90 3 
13 144 
157 235 
232 2 
3 12 
68 134 
233 254 
175 18 
177 178 
37 124 
183 221 
257 231 
105 200 
146 4 
57 72 
90 46 
57 154 
25 90 
34 18 
36 152 
61 89 
166 230
111 22
17 8 
23 3 
1 1 
13 75 
48 98 
8 3 
5 61 
67 13 
12 74 
90 3 
13 144 
157 235 
232 2 
3 12 
68 134 
233 254 
175 18 
177 178 
37 124 
183 221 
257 231 
105 200 
146 4 
57 72 
90 46 
57 154 
25 90 
34 18 
36 152 
61 89 
166 230
111 22
17 8 
23 3 
1 1 
13 75 
48 98 
8 3 
5 61 
67 13 
12 74 
90 3 
13 144 
157 235 
232 2 
3 12 
68 134 
233 254 
175 18 
177 178 
37 124 
183 221 
257 231 
105 200 
146 4 
57 72 
90 46 
57 154 
25 90 
34 18 
36 152 
61 89 
166 230
